93
4 222
17 216
48 190
61 171
75 137
79 120
87 97
110 81
139 68
176 66
213 73
234 86
246 109
254 142
253 162
249 185
238 203
221 219
198 232
178 247
160 256
146 270
129 283
107 297
90 313
74 324
65 333
58 352
54 364
45 380
39 408
41 431
40 458
46 492
51 511
59 533
74 548
102 562
130 570
163 572
186 562
217 549
222 522
227 504
227 483
221 467
208 450
191 436
182 424
182 408
188 379
205 360
223 346
251 340
274 338
296 343
317 361
324 379
337 403
342 432
347 458
354 484
363 508
385 526
407 534
440 543
474 539
497 534
516 519
536 501
538 475
529 447
522 426
497 409
478 394
456 373
409 339
386 292
379 269
375 242
373 197
373 121
385 91
408 78
425 73
452 78
481 88
501 106
510 122
527 237
559 283
591 316
595 320